Webots Project File version R2019a
perspectives: 000000ff00000000fd00000003000000000000000000000000fc0100000001fb0000001a0044006f00630075006d0065006e0074006100740069006f006e0000000000000000140000005400ffffff00000001000003ae000002cefc0200000001fb0000001400540065007800740045006400690074006f00720100000020000002ce000000a200ffffff0000000300000737000000edfc0100000001fb0000000e0043006f006e0073006f006c00650100000000000007370000005400ffffff00000383000002ce00000001000000020000000100000008fc00000000
simulationViewPerspectives: 000000ff000000010000000200000118000002d60100000006010000000100
sceneTreePerspectives: 000000ff0000000100000002000000d7000000fc0100000006010000000200
maximizedDockId: -1
centralWidgetVisible: 1
selectionDisabled: 0
viewpointLocked: 0
orthographicViewHeight: 1
textFiles: 0 "controllers/matlab/matlab.m"
renderingDevicePerspectives: robot:ground_display;1;1;0;0
renderingDevicePerspectives: e-puck camera:camera;1;1;0;0
renderingDevicePerspectives: e-puck camera:display;1;1.25;0.0293638;0.212121
